A = hilb(10)

A =

    1.0000    0.5000    0.3333    0.2500    0.2000    0.1667    0.1429    0.1250    0.1111    0.1000
    0.5000    0.3333    0.2500    0.2000    0.1667    0.1429    0.1250    0.1111    0.1000    0.0909
    0.3333    0.2500    0.2000    0.1667    0.1429    0.1250    0.1111    0.1000    0.0909    0.0833
    0.2500    0.2000    0.1667    0.1429    0.1250    0.1111    0.1000    0.0909    0.0833    0.0769
    0.2000    0.1667    0.1429    0.1250    0.1111    0.1000    0.0909    0.0833    0.0769    0.0714
    0.1667    0.1429    0.1250    0.1111    0.1000    0.0909    0.0833    0.0769    0.0714    0.0667
    0.1429    0.1250    0.1111    0.1000    0.0909    0.0833    0.0769    0.0714    0.0667    0.0625
    0.1250    0.1111    0.1000    0.0909    0.0833    0.0769    0.0714    0.0667    0.0625    0.0588
    0.1111    0.1000    0.0909    0.0833    0.0769    0.0714    0.0667    0.0625    0.0588    0.0556
    0.1000    0.0909    0.0833    0.0769    0.0714    0.0667    0.0625    0.0588    0.0556    0.0526

b = ones(10,1)

b =

     1
     1
     1
     1
     1
     1
     1
     1
     1
     1

c = b;
c(10,1) = c(10,1)+10^(-5)

c =

    1.0000
    1.0000
    1.0000
    1.0000
    1.0000
    1.0000
    1.0000
    1.0000
    1.0000
    1.0000

x = A\b

x =

   1.0e+06 *

   -0.0000
    0.0010
   -0.0238
    0.2402
   -1.2611
    3.7833
   -6.7259
    7.0005
   -3.9378
    0.9237

y = A\c

y =

   1.0e+07 *

   -0.0000
    0.0002
   -0.0042
    0.0411
   -0.2093
    0.6113
   -1.0609
    1.0804
   -0.5959
    0.1373

norm(x-y,2)

ans =

   6.3235e+06

norm(x-y,2)/norm(x,2)

ans =

    0.5621

cond(A)

ans =

   1.6025e+13

ans*(norm(c-b,2)/norm(b,2))

ans =

   5.0675e+07

diary off
